        estrategia  rent_anual_compuesta  max_caida  volatilidad  anios_negativos  peor_anio  mejor_anio  capital_final_6000
0  A + liquidez 0%                0.0826    -0.1674       0.0489                0     0.0000      0.1905          13238.2308
1    A + monetario                0.1033    -0.1672       0.0488                0     0.0092      0.1909          15999.0416
2          A + SPY                0.2036    -0.3252       0.1521                2    -0.0609      0.4748          38119.4581
3  B + liquidez 0%                0.1094    -0.1723       0.0484                0     0.0000      0.2025          16907.6961
4    B + monetario                0.1308    -0.1709       0.0483                0     0.0092      0.2230          20446.9339
5          B + SPY                0.2326    -0.2945       0.1510                1    -0.1369      0.4229          48346.1714
6     SPY mantener                0.1475    -0.3372       0.1801                2    -0.1818      0.3122          23679.4597
7        Monetario                0.0218    -0.0000       0.0012                0     0.0003      0.0513           7440.0233
      A + liquidez 0%  A + monetario  A + SPY  B + liquidez 0%  B + monetario  B + SPY  SPY mantener  Monetario
Date                                                                                                           
2016            0.170          0.173    0.212            0.138          0.141    0.224         0.120      0.003
2017            0.000          0.009    0.217            0.000          0.009    0.217         0.217      0.009
2018            0.078          0.096   -0.005            0.203          0.223    0.090        -0.046      0.019
2019            0.073          0.094    0.339            0.059          0.080    0.361         0.312      0.021
2020            0.106          0.109    0.475            0.089          0.092    0.423         0.183      0.003
2021            0.191          0.191    0.363            0.152          0.152    0.355         0.287      0.000
2022            0.134          0.144   -0.061            0.049          0.058   -0.137        -0.182      0.020
2023            0.015          0.065    0.268            0.139          0.195    0.408         0.262      0.051
2024            0.069          0.122    0.255            0.122          0.177    0.310         0.249      0.051
2025            0.006          0.040    0.076            0.157          0.197    0.187         0.177      0.041
